---------------------------------------------------------------------------
pre: 留头去尾

post:留尾去头

(子1_pre, 子2_pre) --(有交取交，无交取并，落单的默认留下)--> 父 pre

(子1_post, 子2_post) --(有交取交，无交取并，落单的默认留下)--> 父 post

(pre, post) ----(只取相交集)----> end
------------------------------------------------------------------------------------------
pre 留头去尾，比如染色体 [1 2 3 4] 的pre记为 (0,1) (1,2) (2,3) (3,4)
A-pre: (0,1) (1,-2) (-2,4) (4,8) (8,9) (0,5) (5,6) (6,-10) (-10,-7) (-7,-11) (-11,12)
          (0,-12) (-12,11) (11,7) (7,10) (10,-6) (-6,-5) (0,-9) (-9,-8) (-8,-4) (-4,2) (2,-1) 

B-pre: (0,1) (1,2) (2,3) (3,4) (4,5) (5,6) (0,7) (7,8) (8,-9) (-9,10) (10,11) (11,12)
           (0,-12) (-12,-11) (-11,-10) (-10,9) (9,-8) (-8,-7) (0,-6) (-6,-5) (-5,-4) (-4,-3) (-3,-2) (-2,-1)

C-pre: (0,1) (1,2) (2,3) (0,4) (4,-5) (-5,6) (0,7) (7,9) (9,-8) (-8,10) (10,-11) (-11,12)
           (0,-12) (-12,11) (11,-10) (-10,8) (8,-9) (-9,-7) (0,-6) (-6,5) (5,-4) (0,-3) (-3,-2) (-2,-1)

O-pre: (0,1) (1,3) (3,4) (4,-5) (-5,6) (0,7) (7,-12) (-12,8) (8,11) (11,9) (9,10)
           (0,-10) (-10,-9) (-9,-11) (-11,-8) (-8,12) (12,-7) (0,-6) (-6,5) (5,-4) (-4,-3) (-3,-1)
  
A-pre中指向 -12 的 ：0
B-pre中指向 -12 的 ：0
(根据有交取交，无交取并的原则：D-pre中应该包含(0,-12)) 
...
A-pre中指向 -9 的 ：0
B-pre中指向 -9 的 ：8
(根据有交取交，无交取并的原则：D-pre中应该包含(0,-9) (8,-9)) 

...
A-pre中指向 0 的 ：无
B-pre中指向 0 的 ：无

A-pre中指向 1 的： 0
A-pre中指向 1 的： 0 
(根据有交取交，无交取并的原则：D-pre中应该包含(0,1))

A-pre中指向 2 的： -4
A-pre中指向 2 的： 1
(根据有交取交，无交取并的原则：D-pre中应该包含(-4,2) (1,2)) 

A-pre中指向 3 的： 无
A-pre中指向 3 的： 2
(根据有交取交，无交取并的原则：D-pre中应该包含(2,3)) 
...
A-pre中指向 12 的： -11
A-pre中指向 12 的： 11
(根据有交取交，无交取并的原则：D-pre中应该包含(-11,12) (11,12)) 

所以： 
D-pre: (0,1) (-4,2) (1,2) (2,3) (-2,4) (3,4) (0,5) (4,5) (5,6) (11,7) (0,7) (4,8) (7,8) (8,9) (-10,9) (7,10) (-9,10) (-12,11) (10,11) (-11,12) (11,12)
           (2,-1) (-2,-1) (1,-2) (-3,-2) (-4,-3) (-8,-4) (-5,-4) (-6,-5) (10,-6) (0,-6) (-10,-7) (-8,-7) (-9,-8) (9,-8) (0,-9) (8,-9) (6,-10) (-11,-10) (-7,-11) (-12,-11) (0,-12)

C-pre: (0,1) (1,2) (2,3) (0,4) (4,-5) (-5,6) (0,7) (7,9) (9,-8) (-8,10) (10,-11) (-11,12) (0,-12) (-12,11) (11,-10) (-10,8) (8,-9) (-9,-7) (0,-6) (-6,5) (5,-4) (0,-3) (-3,-2) (-2,-1)

根据有交取交，无交取并的原则 得到：
E-pre: (0,1) (1,2) (2,3) (-2,4) (3,4) (0,4) (0,5) (4,5) (-6,5) (5,6) (-5,6) (0,7) (4,8) (7,8) (-10,8) (7,9) (8,9) (-10,9) (7,10) (-8,10) (-9,10) (-12,11) (-11,12) 
          (-2,-1) (-3,-2) (0,-3) (-4,-3) (-8,-4) (-5,-4) (5,-4) (4,-5) (-6,-5) (0,-6) (-8,-7) (-9,-7) (-10,-7) (9,-8) (8,-9) (6,-10) (11,-10) (-11,-10) (-7,-11) (-12,-11) (10,-11) (0,-12)

O-pre: (0,1) (1,3) (3,4) (4,-5) (-5,6) (0,7) (7,-12) (-12,8) (8,11) (11,9) (9,10)
           (0,-10) (-10,-9) (-9,-11) (-11,-8) (-8,12) (12,-7) (0,-6) (-6,5) (5,-4) (-4,-3) (-3,-1)

根据有交取交，无交取并的原则 得到：
F-pre: (0,1) (1,2) (1,3) (2,3) (3,4) (-6,5) (-5,6) (0,7) (4,8) (7,8) (-10,8) (-12,8) (7,9) (8,9) (-10,9) (11,9) (7,10) (-8,10) (-9,10) (9,10) (-12,11) (8,11) (-11,12) (-8,12)
          (-2,-1) (-3,-1) (-3,-2) (-4,-3) (5,-4) (4,-5) (0,-6) (-8,-7) (-9,-7) (-10,-7) (12,-7) (-11,-8) (9,-8) (8,-9) (-10,-9) (0,-10) (6,-10) (-11,-10) (11,-10) (-7,-11) (-12,-11) (10,-11) (-9,-11) (7,-12) (0,-12)

E-pre: (0,1) (1,2) (2,3) (-2,4) (3,4) (0,4) (0,5) (4,5) (-6,5) (5,6) (-5,6) (0,7) (4,8) (7,8) (-10,8) (7,9) (8,9) (-10,9) (7,10) (-8,10) (-9,10) (-12,11) (-11,12) 
          (-2,-1) (-3,-2) (0,-3) (-4,-3) (-8,-4) (-5,-4) (5,-4) (4,-5) (-6,-5) (0,-6) (-8,-7) (-9,-7) (-10,-7) (9,-8) (8,-9) (6,-10) (11,-10) (-11,-10) (-7,-11) (-12,-11) (10,-11) (0,-12)

(用F-pre对E-pre进行调节，规则依旧)
F-E-pre: (0,1) (1,2) (2,3) (3,4) (-6,5) (-5,6) (0,7)  (4,8) (7,8) (-10,8) 


suc 留尾去头，比如染色体 [1 2 3 4] 的pre记为  (1,2) (2,3) (3,4) (4,0)

A-suc: (1,-2) (-2,4) (4,8) (8,9) (9,0) (5,6) (6,-10) (-10,-7) (-7,-11) (-11,12) (12,0) (-12,11) (11,7) (7,10) (10,-6) (-6,-5) (-5,0) (-9,-8) (-8,-4) (-4,2) (2,-1) (-1,0) 

B-suc: (1,2) (2,3) (3,4) (4,5) (5,6) (6,0) (7,8) (8,-9) (-9,10) (10,11) (11,12) (12,0) (-12,-11) (-11,-10) (-10, 9) (9,-8) (-8,-7) (-7,0) (-6,-5) (-5,-4) (-4,-3) (-3,-2) (-2,-1) (-1,0)

根据有交取交，无交取并的原则：
 
D-suc: (12,0) (-1,0) (1,2) (-4,2) (2,3) (-2,4) (3,4) (4,5) (5,6) (11,7) (4,8) (7,8) (8,9) (-10,9) (7,10) (-9,10) (-12,11) (10,11) (-11,12) (11,12)
           (2,-1) (-2,-1) (1,-2) (-3,-2) (-4,-3) (-8,-4) (-5,-4) (-6,-5) (10,-6) (-10,-7) (-8,-7) (-9,-8) (9,-8) (8,-9) (6,-10) (-11,-10) (-12,-11) (-7,-11) 

C-suc: (1,2) (2,3) (3,0) (4,-5) (-5,6) (6,0) (7,9) (9,-8) (-8,10) (10,-11) (-11,12) (12,0) 
           (-12,11) (11,-10) (-10,8) (8,-9) (-9,-7) (-7,0) (-6,5) (5,-4) (-4,0) (-3,-2) (-2,-1) (-1,0)
  
根据有交取交，无交取并的原则：

E-suc: (12,0) (1,2) (2,3) (-2,4) (3,4) (4,5) (-6,5) (5,6) (-5,6) (11,7) (4,8) (7,8) (-10,8) (7,9) (8,9) (-10,9) (7,10) (-8,10) (-9,10) (-12,11) (-11,12)
          (-2,-1) (-3,-2) (-4,-3) (-8,-4) (-5,-4) (5,-4) (-6,-5) (4,-5) (10,-6) (-8,-7) (-9,-7) (-10,-7) (9,-8) (8,-9)  (6,-10)  (-11,-10)  (11,-10)  (-7,-11)  (10,-11)  (-12,-11) 
  
O-suc: (1,3) (3,4) (4,-5) (-5,6) (6,0) (7,-12) (-12,8) (8,11) (11,9) (9,10) (10,0) (-10,-9) (-9,-11) (-11,-8) (-8,12) (12,-7) (-7,0) (-6,5) (5,-4) (-4,-3) (-3,-1) (-1,0)

根据有交取交，无交取并的原则：

F-suc: (-1,0) (-7,0) (10,0) (6,0) (12,0) (1,2) (1,3) (2,3) (3,4) (-6,5) (-5,6) (11,7) (4,8) (7,8) (-10,8) (-12,8) (7,9) (8,9) (-10,9) (11,9) (7,10) (-8,10) (-9,10) (9,10) (-12,11) (8,11) (-11,12) (-8,12)
          (-2,-1) (-3,-1) (-3,-2) (-4,-3) (5,-4) (4,-5) (10,-6) (-8,-7) (-9,-7) (-10,-7) (12,-7) (9,-8) (-11,-8) (-10,-9) (8,-9)  (6,-10)  (-11,-10)  (11,-10) (-9,-11) (-7,-11)  (10,-11)  (-12,-11) (7,-12)

E-suc: (12,0) (1,2) (2,3) (-2,4) (3,4) (4,5) (-6,5) (5,6) (-5,6) (11,7) (4,8) (7,8) (-10,8) (7,9) (8,9) (-10,9) (7,10) (-8,10) (-9,10) (-12,11) (-11,12)
          (-2,-1) (-3,-2) (-4,-3) (-8,-4) (-5,-4) (5,-4) (-6,-5) (4,-5) (10,-6) (-8,-7) (-9,-7) (-10,-7) (9,-8) (8,-9)  (6,-10)  (-11,-10)  (11,-10)  (-7,-11)  (10,-11)  (-12,-11) 

F-E-suc: (12,0) 




















.